//stockObject
70.0
70.0
3.0
3.0
3.0
1.0
0.0
0.0
1.0
0.7
5.6
5.0
3.0
3.0
3.0
1.0
1.0
1.0
1.0
0.0
3.0
5.0
0.4
4.0
2.0
0.0
0.0
1.0
1.0
0.5
5.6
5.0
1.0
1.0
1.0
3.0
3.0
1.0
0.0
0.0
1.0
1.0
0.0
1.0
-5.0
1.0
1.0
1.0
3.0
3.0
1.0
0.0
0.0
1.0
1.0
0.0
1.0
-6.0
1.0
1.0
1.0
3.0
1.0
1.0
0.0
1.0
1.0
1.0
0.0
3.0
-5.5
1.0
1.0
1.0
3.0
2.0
2.0
0.96
0.87
0.77
1.0
0.0
4.5
-5.5
1.0
1.0
1.0
3.0
3.0
1.0
0.96
0.87
0.77
1.0
0.0
4.5
-4.2
1.0
1.0
1.0
3.0
3.0
1.0
0.96
0.87
0.77
1.0
0.0
3.0
-6.8
1.0
1.0
1.0
2.99
0.99
1.99
0.4
0.2
1.0
1.0
0.0
3.2
-5.5
1.0
1.0
1.0
3.0
2.0
4.0
0.4
0.2
0.0
1.0
0.0
5.3
-5.5
1.0
1.0
1.0
1.0
0.5
1.3
0.8
0.0
0.0
1.0
7.0
2.0
0.0
1.0
1.5
1.0
1.0
1.5
1.5
0.8
0.0
0.0
1.0
7.0
2.5
0.0
1.0
1.5
1.0
0.9
0.7
2.8
0.0
0.0
1.0
1.0
7.0
1.2
0.0
1.0
1.5
1.0
0.89
1.1
2.2
0.0
0.0
0.0
1.0
7.0
1.2
0.0
//objectData
0
1
2
0
2
3
6
4
5
6
7
4
5
1
6
5
2
1
3
7
0
3
4
7
1
7
6
1
0
7
5
3
2
5
4
3
0
1
2
0
2
3
6
4
5
6
7
4
5
1
6
5
2
1
3
7
0
3
4
7
1
7
6
1
0
7
5
3
2
5
4
3
8
9
10
8
10
11
14
12
13
14
15
12
13
9
14
13
10
9
11
15
8
11
12
15
9
15
14
9
8
15
13
11
10
13
12
11
0
1
2
0
2
3
6
4
5
6
7
4
5
1
6
5
2
1
3
7
0
3
4
7
1
7
6
1
0
7
5
3
2
5
4
3