//flaot data
0
40
30
0
0
0.2
1
0
0
0
-7
0
0
0
40
15
0
0
0.2
1
90
0
270
-13
5
0
0
40
15
0
0
0.2
1
90
0
90
-13
5
0
0
40
15
0
0
0.2
1
90
0
270
-26
5
0
0
40
15
0
0
0.2
1
90
0
0
-7
5
-15
0
40
15
0
0
0.2
1
270
0
0
-7
5
15
0
40
15
0
0
0.2
1
90
0
90
13
5
0
0
60
30
0
0
0.2
1
180
0
0
-10
12
0
0
0
0
0
0
0
0
0
0
0
10
5
-11
0
0
0
0
0
0
0
0
0
0
10
5
13
0
0
0
0
0
0
0
0
0
0
-14.5
5
-11
0
0
0
0
0
0
0
0
0
0
10
5
8
0
0
0
0
0
0
0
0
0
0
-9
5
-13
0
0
0
0
0
0
0
0
0
0
-14.5
5
13
0
0
0
0
0
0
0
0
0
0
12
2
0
0
0
0
0
0
0
0
0
90
0
0
2
-13
0
0
0
0
0
0
0
0
180
0
-11
2
-1
0
0
0
0
0
0
0
0
270
0
2
2
13
0
0
0
0
0
0
0
0
270
0
-21
2
13
0
0.7
20
0.8
0.8
0.8
1
0
0
0
0
12
0
0
0.7
20
0.8
0.8
0.8
1
0
0
0
-19
12
0
2
6
6
0.6
0.2
0
1
0
0
0
0
0.3
0
0.5
6.5
6.5
0.7
0.2
0
1
0
0
0
0
1.3
0
2
8.5
10.5
0.6
0.2
0
1
0
0
0
-21
0.3
-8
0.5
8.5
10.5
0.7
0.7
0.7
1
0
0
0
-21
1.55
-8
0.5
3.2
2
0.6
0.6
0.6
1
0
0
0
-23
2
-12
0.5
3.2
2
0.6
0.6
0.6
1
0
0
0
-18.8
2
-12
0.5
4
7
0.05
0.05
0.05
1
0
0
90
13
8
0
0.5
9
4
0.5
0
0
1
0
0
90
-13
4
7
0.7
0.2
1
1
1
1
1
0
0
90
-13
4
6
6
3
0.8
0.8
0.8
1
90
0
0
0
9
-14.5
9
6
0.8
0.8
0.8
1
90
0
270
-25.8
8
-8
2
2
0.8
0.8
0.8
1
90
0
0
-2
6
-14.5
2
2
0.8
0.8
0.8
1
90
0
0
2
6
-14.5
2
1
0.8
0.8
0.8
1
90
0
270
-12.7
7.3
7
2
1
0.8
0.8
0.8
1
90
0
90
-13.4
7.3
7
0.1
1.0
0.5
0.1
0.1
0.1
1
0
0
0
-2
1.8
0
0
0
0
0
0
0
0
0
25
0
-22
0
5
0
0
0
0
0
0
0
0
0
0
-19
3
0
-4.5
1
6
//unsigned int
10
10
10
5
10
5
10
5
10
5
10
5
10
5
10
10
0
0
0
0
0
0
0
0
0
0
0
0
0
0
0
0
0
0
0
0
0
0
20
0
20
0
0
0
0
0
0
0
0
0
0
0
0
0
0
0
0
0
0
0
1
1
1
1
1
1
1
1
1
1
1
1
0
0
0
0
0
0