//Data
1 wall1 15.0 1.5 7.0 0.0 3.0 -0.5 0.0 0.0 0.0 0.4 1.0
1 wall2 20.0 1.5 7.0 0.0 3.0 -10.0 90.0 0.0 0.0 0.4 1.0
1 wall3 20 1.5 7.0 20 3 -10 0 0 0 0.4 1.0
1 wall4 10 1.5 7.0 15 3 -5 90 0 0 0.4 1.0
1 wall5 6 1.5 7.0 22 3 3 90 0 0 0.4 1.0
1 wall6 5 1.5 7.0 23.75 3 5.25 0 0 0 0.4 1.0
1 wall7 4 1.5 7.0 32 3 0 0 0 0 0.4 1.0
1 wall8 7 1.5 7.0 15 3 11 90 0 0 0.4 1.0
1 wall9 7 1.5 7.0 12.25 3 8 0 0 0 0.4 1.0
1 wall10 4 1.5 7.0 0 3 9 90 0 0 0.4 1.0
1 wall11 10 1.5 7.0 -12.25 3 8 0 0 0 0.4 1.0
1 wall12 7 1.5 7.0 -26.5 3 8 0 0 0 0.4 1.0
1 wall13 8 1.5 7.0 -23.75 3 4 90 0 0 0.4 1.0
1 wall14 10 1.5 7.0 -16.75 3 -5 90 0 0 0.4 1.0
1 wall15 20 1.5 7.0 -18 3 -10 0 0 0 0.4 1.0
1 wall16 4 1.5 7.0 -33 3 0 0 0 0 0.4 1.0
1 wall17 70 1.5 7.0 0 3 -19 0 0 0 0.4 1.0
1 wall18 70 1.5 7.0 0 3 15 0 0 0 0.4 1.0
1 wall19 30 1.5 7.0 -34.5 3 -5 90 0 0 0.4 1.0
1 wall20 35 1.5 7.0 34.5 3 -2 90 0 0 0.4 1.0
1 wallBlock 6 1.5 3 0 1 11.5 90 0 0 0.4 1.0
1 Door 4.5 0.5 7.0 -34.5 3 12.2 90 0.3 0 0 1
2 ghostObj1 0 0 0 -5 3 -5 0 0 0 0 1
3 ghostObj2 0 0 0 -8 3 -5 0 0 0 0 1